Date,Time,Open,High,Low,Close,Volume
2017-01-03,1483401600,0.7,0.74,0.67,0.7,200400
2017-01-04,1483488000,0.68,0.74,0.67,0.7,130000
2017-01-05,1483574400,0.72,0.73,0.67,0.7,76200
2017-01-06,1483660800,0.67,0.75,0.67,0.68,386600
2017-01-09,1483920000,0.7,0.75,0.68,0.72,132800
2017-01-10,1484006400,0.7,0.72,0.68,0.7,123100
2017-01-11,1484092800,0.7,0.72,0.7,0.7,139400
2017-01-12,1484179200,0.7,0.71,0.68,0.69,59900
2017-01-13,1484265600,0.71,0.72,0.69,0.7,87100
2017-01-17,1484611200,0.7,0.71,0.67,0.67,113000
2017-01-18,1484697600,0.67,0.72,0.67,0.68,143300
2017-01-19,1484784000,0.71,0.72,0.67,0.67,281000
2017-01-20,1484870400,0.68,0.71,0.67,0.69,149100
2017-01-23,1485129600,0.67,0.68,0.65,0.66,232800
2017-01-24,1485216000,0.67,0.68,0.66,0.67,104900
2017-01-25,1485302400,0.69,0.69,0.67,0.69,276900
2017-01-26,1485388800,0.69,0.71,0.68,0.71,291600
2017-01-27,1485475200,0.72,0.72,0.68,0.7,176300
2017-01-30,1485734400,0.7,0.75,0.67,0.7,232400
2017-01-31,1485820800,0.7,0.71,0.67,0.68,264500
2017-02-01,1485907200,0.87,0.87,0.69,0.72,222400
2017-02-02,1485993600,0.75,0.75,0.69,0.71,111400
2017-02-03,1486080000,0.72,0.73,0.69,0.69,109200
2017-02-06,1486339200,0.72,0.72,0.69,0.69,161500
2017-02-07,1486425600,0.7,0.71,0.69,0.7,420300
2017-02-08,1486512000,0.71,0.71,0.69,0.7,292400
2017-02-09,1486598400,0.75,0.75,0.7,0.71,365100
2017-02-10,1486684800,0.72,0.75,0.71,0.73,183600
2017-02-13,1486944000,0.73,0.73,0.7,0.7,276400
2017-02-14,1487030400,0.7,0.72,0.69,0.7,719700
2017-02-15,1487116800,0.71,0.71,0.7,0.7,43000
2017-02-16,1487203200,0.7,0.74,0.69,0.72,254900
2017-02-17,1487289600,0.71,0.81,0.7,0.81,631800
2017-02-21,1487635200,0.8,0.85,0.79,0.8,143100
2017-02-22,1487721600,0.78,0.84,0.75,0.84,105200
2017-02-23,1487808000,0.84,0.85,0.8,0.84,116400
2017-02-24,1487894400,0.83,0.86,0.81,0.82,160600
2017-02-27,1488153600,0.82,0.89,0.79,0.83,216000
2017-02-28,1488240000,0.85,0.89,0.82,0.87,175900
2017-03-01,1488326400,0.87,0.93,0.84,0.87,582700
2017-03-02,1488412800,0.87,0.9,0.87,0.9,142400
2017-03-03,1488499200,0.88,0.92,0.88,0.9,96100
2017-03-06,1488758400,0.9,0.9,0.83,0.85,123900
2017-03-07,1488844800,0.85,0.86,0.81,0.81,125500
2017-03-08,1488931200,0.8,0.84,0.8,0.82,217900
2017-03-09,1489017600,0.81,0.88,0.77,0.87,115400
2017-03-10,1489104000,0.87,0.91,0.87,0.89,262700
2017-03-13,1489363200,0.94,0.94,0.9,0.92,130400
2017-03-14,1489449600,0.92,0.92,0.86,0.89,91200
2017-03-15,1489536000,0.88,0.9,0.78,0.86,44300
2017-03-16,1489622400,0.86,0.95,0.85,0.9,208500
2017-03-17,1489708800,0.89,0.93,0.86,0.91,65900
2017-03-20,1489968000,0.9,0.92,0.85,0.88,81200
2017-03-21,1490054400,0.9,0.92,0.86,0.88,134500
2017-03-22,1490140800,0.92,0.92,0.88,0.9,40000
2017-03-23,1490227200,0.9,0.97,0.9,0.95,303300
2017-03-24,1490313600,0.93,0.96,0.9,0.92,585700
2017-03-27,1490572800,0.92,0.92,0.88,0.91,249200
2017-03-28,1490659200,0.89,0.9,0.88,0.88,199000
2017-03-29,1490745600,0.88,0.95,0.86,0.94,277000
2017-03-30,1490832000,0.96,0.98,0.95,0.96,277900
2017-03-31,1490918400,0.98,0.99,0.89,0.94,328200
2017-04-03,1491177600,0.95,0.95,0.91,0.91,193200
2017-04-04,1491264000,0.94,0.94,0.91,0.91,185400
2017-04-05,1491350400,0.94,0.94,0.91,0.92,176400
2017-04-06,1491436800,0.91,0.93,0.91,0.92,110500
2017-04-07,1491523200,0.92,0.97,0.92,0.94,134000
2017-04-10,1491782400,0.95,0.95,0.93,0.93,35300
2017-04-11,1491868800,0.95,0.95,0.93,0.93,73600
2017-04-12,1491955200,0.93,0.94,0.91,0.93,51100
2017-04-13,1492041600,0.92,0.95,0.91,0.93,100800
2017-04-17,1492387200,0.92,0.95,0.91,0.91,31200
2017-04-18,1492473600,0.94,0.94,0.88,0.88,99800
2017-04-19,1492560000,0.88,0.92,0.88,0.89,256100
2017-04-20,1492646400,0.93,0.95,0.9,0.9,291100
2017-04-21,1492732800,0.92,0.95,0.92,0.94,151300
2017-04-24,1492992000,0.94,0.97,0.94,0.95,158700
2017-04-25,1493078400,0.99,1.01,0.96,0.98,524200
2017-04-26,1493164800,1.0,1.07,0.97,1.02,684100
2017-04-27,1493251200,1.02,1.11,1.02,1.07,1549400
2017-04-28,1493337600,1.06,1.13,1.05,1.13,760100
2017-05-01,1493596800,1.15,1.18,1.09,1.16,548100
2017-05-02,1493683200,1.15,1.18,1.13,1.18,347500
2017-05-03,1493769600,1.18,1.19,1.15,1.19,215200
2017-05-04,1493856000,1.18,1.19,1.16,1.16,365500
2017-05-05,1493942400,1.15,1.17,1.11,1.17,176500
2017-05-08,1494201600,1.15,1.19,1.15,1.18,302100
2017-05-09,1494288000,1.2,1.25,1.18,1.25,342600
2017-05-10,1494374400,1.25,1.26,1.2,1.24,353900
2017-05-11,1494460800,1.23,1.23,1.17,1.21,423900
2017-05-12,1494547200,1.24,1.24,1.17,1.2,345500
2017-05-15,1494806400,1.2,1.21,1.17,1.19,147900
2017-05-16,1494892800,1.18,1.19,1.13,1.16,337300
2017-05-17,1494979200,1.14,1.16,1.02,1.14,155200
2017-05-18,1495065600,1.14,1.19,1.14,1.18,153700
2017-05-19,1495152000,1.18,1.21,1.15,1.2,253500
2017-05-22,1495411200,1.19,1.2,1.15,1.17,106800
2017-05-23,1495497600,1.17,1.19,1.11,1.17,104700
2017-05-24,1495584000,1.18,1.18,1.07,1.14,752100
2017-05-25,1495670400,1.13,1.2,1.08,1.17,339400
2017-05-26,1495756800,1.16,1.18,1.1,1.18,145700
2017-05-30,1496102400,1.17,1.17,1.08,1.1,109300
2017-05-31,1496188800,1.12,1.12,1.05,1.11,250300
2017-06-01,1496275200,1.12,1.13,1.06,1.06,168100
2017-06-02,1496361600,1.05,1.08,1.04,1.06,87100
2017-06-05,1496620800,1.05,1.05,0.95,1.02,317800
2017-06-06,1496707200,0.98,1.02,0.94,1.0,148400
2017-06-07,1496793600,1.01,1.04,1.0,1.0,197900
2017-06-08,1496880000,1.0,1.02,0.97,1.01,82900
2017-06-09,1496966400,1.01,1.04,0.98,1.04,103500
2017-06-12,1497225600,1.01,1.02,0.96,0.99,253500
2017-06-13,1497312000,1.01,1.02,0.98,1.0,75700
2017-06-14,1497398400,1.01,1.02,0.95,0.98,308600
2017-06-15,1497484800,1.1,1.1,0.95,1.03,1060700
2017-06-16,1497571200,1.03,1.09,1.01,1.04,480700
2017-06-19,1497830400,1.03,1.03,0.98,1.03,738000
2017-06-20,1497916800,1.03,1.04,1.0,1.03,525800
2017-06-21,1498003200,1.02,1.06,1.0,1.04,100600
2017-06-22,1498089600,1.04,1.08,1.03,1.08,124900
2017-06-23,1498176000,1.09,1.13,1.06,1.09,227300
2017-06-26,1498435200,1.1,1.11,1.03,1.08,139500
2017-06-27,1498521600,1.09,1.09,1.0,1.08,301400
2017-06-28,1498608000,1.08,1.1,1.05,1.06,124500
2017-06-29,1498694400,1.05,1.07,1.0,1.04,405200
2017-06-30,1498780800,1.03,1.04,1.0,1.03,144500
2017-07-03,1499040000,1.02,1.02,0.99,0.99,70400
2017-07-05,1499212800,0.99,1.03,0.99,1.01,137400
2017-07-06,1499299200,1.02,1.04,1.0,1.02,56600
2017-07-07,1499385600,1.01,1.07,1.0,1.05,101500
2017-07-10,1499644800,1.04,1.05,0.99,1.01,125500
2017-07-11,1499731200,1.02,1.03,1.01,1.02,58400
2017-07-12,1499817600,1.01,1.04,1.01,1.03,175700
2017-07-13,1499904000,1.05,1.06,1.03,1.05,36300
2017-07-14,1499990400,1.06,1.1,1.05,1.09,133800
2017-07-17,1500249600,1.08,1.14,1.08,1.1,122000
2017-07-18,1500336000,1.1,1.15,1.1,1.13,78200
2017-07-19,1500422400,1.14,1.14,1.05,1.11,126400
2017-07-20,1500508800,1.08,1.13,1.07,1.07,101200
2017-07-21,1500595200,1.09,1.11,1.07,1.08,84500
2017-07-24,1500854400,1.1,1.14,1.06,1.12,235700
2017-07-25,1500940800,1.13,1.15,1.04,1.06,709800
2017-07-26,1501027200,1.05,1.11,1.05,1.08,118900
2017-07-27,1501113600,1.08,1.14,1.06,1.1,257700
2017-07-28,1501200000,1.07,1.1,1.04,1.1,158400
2017-07-31,1501459200,1.09,1.13,1.05,1.11,85700
2017-08-01,1501545600,1.1,1.11,1.08,1.09,201400
2017-08-02,1501632000,1.09,1.12,1.08,1.08,168400
2017-08-03,1501718400,1.05,1.12,1.05,1.1,63700
2017-08-04,1501804800,1.11,1.11,1.08,1.09,61000
2017-08-07,1502064000,1.09,1.13,1.07,1.1,215700
2017-08-08,1502150400,1.2,1.2,1.12,1.12,429200
2017-08-09,1502236800,1.13,1.14,1.11,1.11,60800
2017-08-10,1502323200,1.09,1.11,1.04,1.04,149600
2017-08-11,1502409600,1.05,1.15,1.05,1.09,389300
2017-08-14,1502668800,1.1,1.2,1.08,1.2,349700
2017-08-15,1502755200,1.19,1.25,1.18,1.2,303600
2017-08-16,1502841600,1.21,1.24,1.15,1.16,255400
2017-08-17,1502928000,1.16,1.23,1.14,1.2,206000
2017-08-18,1503014400,1.2,1.23,1.14,1.22,238200
2017-08-21,1503273600,1.22,1.23,1.15,1.16,236700
2017-08-22,1503360000,1.18,1.25,1.15,1.21,336200
2017-08-23,1503446400,1.21,1.22,1.16,1.18,207700
2017-08-24,1503532800,1.2,1.21,1.15,1.18,281800
2017-08-25,1503619200,1.19,1.21,1.16,1.2,232800
2017-08-28,1503878400,1.2,1.2,1.16,1.16,61600
2017-08-29,1503964800,1.2,1.2,1.16,1.16,46500
2017-08-30,1504051200,1.18,1.2,1.12,1.15,155000
2017-08-31,1504137600,1.16,1.19,1.12,1.16,245700
2017-09-01,1504224000,1.16,1.2,1.16,1.17,140700
2017-09-05,1504569600,1.18,1.2,1.16,1.17,87200
2017-09-06,1504656000,1.14,1.18,1.11,1.17,191900
2017-09-07,1504742400,1.2,1.33,1.2,1.3,1266000
2017-09-08,1504828800,1.28,1.38,1.26,1.34,517700
2017-09-11,1505088000,1.4,1.4,1.33,1.36,376500
2017-09-12,1505174400,1.37,1.4,1.33,1.36,595400
2017-09-13,1505260800,1.37,1.4,1.36,1.37,858900
2017-09-14,1505347200,1.37,1.38,1.35,1.36,411800
2017-09-15,1505433600,1.36,1.4,1.35,1.37,450500
2017-09-18,1505692800,1.36,1.38,1.34,1.37,429600
2017-09-19,1505779200,1.36,1.38,1.34,1.37,476400
2017-09-20,1505865600,1.35,1.38,1.35,1.37,543300
2017-09-21,1505952000,1.37,1.37,1.34,1.34,208600
2017-09-22,1506038400,1.35,1.37,1.35,1.36,444100
2017-09-25,1506297600,1.36,1.37,1.35,1.35,306300
2017-09-26,1506384000,1.35,1.36,1.31,1.33,278400
2017-09-27,1506470400,1.34,1.42,1.3,1.37,2868700
2017-09-28,1506556800,1.35,1.48,1.35,1.46,1046200
2017-09-29,1506643200,1.48,1.53,1.46,1.51,956000
2017-10-02,1506902400,1.51,1.57,1.49,1.54,1034300
2017-10-03,1506988800,1.55,1.58,1.52,1.55,506600
2017-10-04,1507075200,1.55,1.55,1.49,1.51,378700
2017-10-05,1507161600,1.52,1.55,1.5,1.52,217100
2017-10-06,1507248000,1.52,1.55,1.52,1.55,225300
2017-10-09,1507507200,1.55,1.6,1.53,1.58,435900
2017-10-10,1507593600,1.57,1.62,1.56,1.6,327100
2017-10-11,1507680000,1.6,1.62,1.57,1.6,534400
2017-10-12,1507766400,1.58,1.64,1.57,1.6,295200
2017-10-13,1507852800,1.61,1.62,1.58,1.61,275100
2017-10-16,1508112000,1.61,1.61,1.51,1.56,296400
2017-10-17,1508198400,1.55,1.56,1.41,1.41,456200
2017-10-18,1508284800,1.41,1.5,1.41,1.46,310700
2017-10-19,1508371200,1.46,1.48,1.33,1.46,378100
2017-10-20,1508457600,1.47,1.49,1.43,1.44,81500
2017-10-23,1508716800,1.43,1.48,1.41,1.44,93100
2017-10-24,1508803200,1.45,1.53,1.43,1.48,366200
2017-10-25,1508889600,1.49,1.51,1.44,1.48,169000
2017-10-26,1508976000,1.46,1.55,1.46,1.53,226600
2017-10-27,1509062400,1.53,1.58,1.5,1.58,181700
2017-10-30,1509321600,1.57,1.61,1.53,1.56,389000
2017-10-31,1509408000,1.56,1.61,1.56,1.57,232000
2017-11-01,1509494400,1.57,1.58,1.56,1.57,58500
2017-11-02,1509580800,1.56,1.58,1.51,1.57,251000
2017-11-03,1509667200,1.57,1.59,1.52,1.58,149700
2017-11-06,1509926400,1.56,1.62,1.54,1.58,304200
2017-11-07,1510012800,1.58,1.6,1.56,1.57,155500
2017-11-08,1510099200,1.62,1.62,1.57,1.58,294700
2017-11-09,1510185600,1.56,1.56,1.44,1.49,359500
2017-11-10,1510272000,1.49,1.55,1.46,1.48,200000
2017-11-13,1510531200,1.49,1.59,1.49,1.59,770200
2017-11-14,1510617600,1.58,1.64,1.54,1.61,364100
2017-11-15,1510704000,1.58,1.6,1.54,1.57,321200
2017-11-16,1510790400,1.57,1.67,1.55,1.65,589200
2017-11-17,1510876800,1.67,1.79,1.63,1.76,1115400
2017-11-20,1511136000,1.82,1.9,1.7,1.79,584900
2017-11-21,1511222400,1.78,1.84,1.76,1.76,510600
2017-11-22,1511308800,1.75,1.83,1.75,1.79,310900
2017-11-24,1511481600,1.79,1.82,1.76,1.79,156000
2017-11-27,1511740800,1.79,1.82,1.74,1.75,351900
2017-11-28,1511827200,1.78,1.89,1.74,1.84,1212600
2017-11-29,1511913600,1.84,1.92,1.76,1.76,623500
2017-11-30,1512000000,1.75,1.81,1.71,1.76,358500
2017-12-01,1512086400,1.78,1.78,1.54,1.69,803700
2017-12-04,1512345600,1.69,1.75,1.65,1.67,244600
2017-12-05,1512432000,1.64,1.74,1.62,1.67,160700
2017-12-06,1512518400,1.67,1.7,1.6,1.62,243300
2017-12-07,1512604800,1.61,1.67,1.6,1.6,140100
2017-12-08,1512691200,1.6,1.68,1.6,1.66,190700
2017-12-11,1512950400,1.65,1.7,1.65,1.69,254800
2017-12-12,1513036800,1.7,1.95,1.68,1.8,1456300
2017-12-13,1513123200,1.8,1.98,1.79,1.85,1373600
2017-12-14,1513209600,1.87,1.91,1.82,1.83,785300
2017-12-15,1513296000,1.85,1.85,1.79,1.79,769500
2017-12-18,1513555200,1.81,1.82,1.8,1.8,165700
2017-12-19,1513641600,1.8,1.84,1.77,1.79,362800
2017-12-20,1513728000,1.8,1.8,1.75,1.78,158300
2017-12-21,1513814400,1.8,1.87,1.77,1.86,237400
2017-12-22,1513900800,1.84,1.85,1.78,1.83,115900
2017-12-26,1514246400,1.82,1.84,1.76,1.81,149100
2017-12-27,1514332800,1.86,1.87,1.78,1.81,187800
2017-12-28,1514419200,1.81,1.81,1.77,1.79,92400
2017-12-29,1514505600,1.79,1.8,1.75,1.79,182500
2018-01-02,1514851200,1.8,1.84,1.77,1.79,236700
2018-01-03,1514937600,1.8,1.93,1.79,1.87,720600
2018-01-04,1515024000,1.88,1.9,1.82,1.86,208900
2018-01-05,1515110400,1.86,1.98,1.85,1.96,746200
2018-01-08,1515369600,2.01,2.07,1.92,1.96,904600
2018-01-09,1515456000,1.95,2.0,1.89,1.93,341800
2018-01-10,1515542400,1.94,1.99,1.89,1.99,220200
2018-01-11,1515628800,1.99,2.0,1.96,1.99,189600
2018-01-12,1515715200,2.0,2.0,1.95,1.99,194700
2018-01-16,1516060800,2.0,2.09,1.91,1.95,862600
2018-01-17,1516147200,2.0,2.09,1.92,2.05,1546000
2018-01-18,1516233600,2.05,2.15,2.04,2.1,1328300
2018-01-19,1516320000,2.1,2.14,2.07,2.1,356300
2018-01-22,1516579200,2.12,2.13,2.0,2.12,494800
2018-01-23,1516665600,2.13,2.15,2.06,2.09,389900
2018-01-24,1516752000,2.12,2.12,2.0,2.05,618900
2018-01-25,1516838400,2.05,2.07,2.01,2.03,258000
2018-01-26,1516924800,2.05,2.06,2.01,2.03,324400
2018-01-29,1517184000,2.15,2.25,2.06,2.06,2366900
2018-01-30,1517270400,2.06,2.1,2.02,2.04,473800
2018-01-31,1517356800,2.04,2.07,1.96,2.03,514600
2018-02-01,1517443200,2.04,2.06,1.97,2.04,428600
2018-02-02,1517529600,2.04,2.05,1.96,1.98,486600
2018-02-05,1517788800,1.95,2.01,1.82,1.94,671800
2018-02-06,1517875200,1.9,2.09,1.9,2.06,686000
2018-02-07,1517961600,2.07,2.12,1.99,2.02,909300
2018-02-08,1518048000,2.17,2.23,2.01,2.01,2759100
2018-02-09,1518134400,2.03,2.12,2.01,2.09,1342200
2018-02-12,1518393600,2.13,2.27,2.08,2.2,2370100
2018-02-13,1518480000,2.22,2.39,2.2,2.32,2268500
2018-02-14,1518566400,2.32,2.51,2.31,2.45,2615100
2018-02-15,1518652800,2.5,2.5,2.3,2.4,1109500
2018-02-16,1518739200,2.41,2.45,2.36,2.43,726400
2018-02-20,1519084800,2.46,2.49,2.32,2.36,810700
2018-02-21,1519171200,2.33,2.56,2.31,2.41,3315300
2018-02-22,1519257600,2.46,2.47,2.23,2.26,7225000
2018-02-23,1519344000,2.28,2.4,2.28,2.35,1077100
2018-02-26,1519603200,2.36,2.4,2.3,2.34,777400
2018-02-27,1519689600,2.34,2.34,2.23,2.3,515800
2018-02-28,1519776000,2.31,2.32,2.24,2.25,672400
2018-03-01,1519862400,2.25,2.3,2.23,2.26,522100
2018-03-02,1519948800,2.26,2.32,2.21,2.32,775800
2018-03-05,1520208000,2.3,2.34,2.25,2.29,621600
2018-03-06,1520294400,2.29,2.31,2.27,2.29,602400
2018-03-07,1520380800,2.29,2.37,2.28,2.31,1019400
2018-03-08,1520467200,2.33,2.36,2.24,2.27,784300
2018-03-09,1520553600,2.27,2.36,2.26,2.35,748800
2018-03-12,1520812800,2.35,2.57,2.34,2.44,2226300
2018-03-13,1520899200,2.46,2.51,2.41,2.49,785400
2018-03-14,1520985600,2.52,2.52,2.35,2.41,839000
2018-03-15,1521072000,2.43,2.59,2.38,2.51,1603700
2018-03-16,1521158400,2.51,2.52,2.43,2.49,991800
2018-03-19,1521417600,2.49,2.5,2.26,2.38,1677500
2018-03-20,1521504000,2.37,2.41,2.32,2.35,788500
2018-03-21,1521590400,2.35,2.41,2.31,2.39,649800
2018-03-22,1521676800,2.37,2.38,2.3,2.31,721500
2018-03-23,1521763200,2.3,2.32,2.23,2.28,651700
2018-03-26,1522022400,2.31,2.32,2.06,2.11,1975200
2018-03-27,1522108800,2.1,2.19,2.07,2.08,1049700
2018-03-28,1522195200,2.08,2.11,1.92,2.02,1691800
2018-03-29,1522281600,2.01,2.06,1.94,2.01,1176300
2018-04-02,1522627200,1.98,2.07,1.87,2.01,1216100
2018-04-03,1522713600,2.05,2.06,1.93,2.02,841300
2018-04-04,1522800000,1.99,2.04,1.96,2.02,580100
2018-04-05,1522886400,2.03,2.22,2.0,2.21,1136600
2018-04-06,1522972800,2.18,2.25,2.07,2.09,744600
2018-04-09,1523232000,2.11,2.16,1.92,1.92,728200
2018-04-10,1523318400,1.96,1.99,1.83,1.86,1669100
2018-04-11,1523404800,1.85,1.86,1.73,1.8,2068000
2018-04-12,1523491200,1.83,1.85,1.75,1.84,1088800
2018-04-13,1523577600,1.84,1.85,1.67,1.7,1680900
2018-04-16,1523836800,1.7,1.76,1.63,1.75,1018500
2018-04-17,1523923200,1.75,1.83,1.75,1.75,759000
2018-04-18,1524009600,1.77,1.8,1.73,1.76,687500
2018-04-19,1524096000,1.76,1.79,1.68,1.71,682600
2018-04-20,1524182400,1.72,1.76,1.66,1.7,501000
2018-04-23,1524441600,1.69,1.78,1.67,1.72,500000
2018-04-24,1524528000,1.73,1.74,1.63,1.66,833700
2018-04-25,1524614400,1.67,1.67,1.56,1.64,771700
2018-04-26,1524700800,1.65,1.76,1.62,1.73,611200
2018-04-27,1524787200,1.74,1.8,1.6,1.61,627100
2018-04-30,1525046400,1.61,1.67,1.58,1.59,475500
2018-05-01,1525132800,1.63,1.74,1.54,1.72,1026900
2018-05-02,1525219200,1.72,1.74,1.66,1.73,632800
2018-05-03,1525305600,1.73,1.74,1.62,1.68,437400
2018-05-04,1525392000,1.67,1.71,1.64,1.66,222500
2018-05-07,1525651200,1.67,1.7,1.63,1.68,186700
2018-05-08,1525737600,1.67,1.71,1.65,1.69,230700
2018-05-09,1525824000,1.69,1.71,1.65,1.67,270200
2018-05-10,1525910400,1.66,1.72,1.63,1.7,308100
2018-05-11,1525996800,1.69,1.73,1.66,1.69,942400
2018-05-14,1526256000,1.69,1.69,1.6,1.62,739100
2018-05-15,1526342400,1.61,1.62,1.54,1.58,702900
2018-05-16,1526428800,1.59,1.66,1.58,1.64,451000
2018-05-17,1526515200,1.65,1.72,1.63,1.71,308800
2018-05-18,1526601600,1.71,1.84,1.71,1.8,613900
2018-05-21,1526860800,1.82,1.84,1.73,1.74,418700
2018-05-22,1526947200,1.75,1.76,1.62,1.67,354000
2018-05-23,1527033600,1.66,1.71,1.65,1.68,208900
2018-05-24,1527120000,1.69,1.72,1.62,1.64,296600
2018-05-25,1527206400,1.64,1.67,1.61,1.62,250700
2018-05-29,1527552000,1.61,1.65,1.6,1.6,158300
2018-05-30,1527638400,1.68,1.83,1.63,1.81,1242000
2018-05-31,1527724800,1.8,1.9,1.78,1.86,1214600
2018-06-01,1527811200,1.88,1.93,1.8,1.81,623300
2018-06-04,1528070400,1.84,1.87,1.71,1.74,526000
2018-06-05,1528156800,1.74,1.77,1.7,1.71,312400
2018-06-06,1528243200,1.69,1.74,1.66,1.67,356900
2018-06-07,1528329600,1.68,1.7,1.65,1.68,261100
2018-06-08,1528416000,1.68,1.74,1.67,1.7,289500
2018-06-11,1528675200,1.72,1.73,1.68,1.72,376200
2018-06-12,1528761600,1.73,1.9,1.71,1.88,1284800
2018-06-13,1528848000,1.72,1.81,1.41,1.57,3201000
2018-06-14,1528934400,1.59,1.68,1.49,1.51,1552200
2018-06-15,1529020800,1.52,1.65,1.52,1.62,1003800
2018-06-18,1529280000,1.62,1.69,1.59,1.65,504100
2018-06-19,1529366400,1.65,1.72,1.62,1.67,841600
2018-06-20,1529452800,1.68,1.74,1.62,1.65,523400
2018-06-21,1529539200,1.66,1.68,1.6,1.61,534900
2018-06-22,1529625600,1.62,1.64,1.53,1.56,535200
2018-06-25,1529884800,1.52,1.68,1.52,1.55,537500
2018-06-26,1529971200,1.56,1.62,1.52,1.59,597700
2018-06-27,1530057600,1.59,1.73,1.53,1.53,813000
2018-06-28,1530144000,1.54,1.57,1.49,1.5,415200
2018-06-29,1530230400,1.5,1.53,1.47,1.51,588500
2018-07-02,1530489600,1.48,1.52,1.47,1.48,343300
2018-07-03,1530576000,1.47,1.51,1.47,1.47,172800
2018-07-05,1530748800,1.47,1.52,1.42,1.45,367500
2018-07-06,1530835200,1.45,1.54,1.41,1.49,570800
2018-07-09,1531094400,1.49,1.58,1.47,1.55,363400
2018-07-10,1531180800,1.55,1.55,1.5,1.5,123900
2018-07-11,1531267200,1.5,1.51,1.45,1.45,139800
2018-07-12,1531353600,1.45,1.49,1.4,1.45,963100
2018-07-13,1531440000,1.45,1.5,1.4,1.42,337000
2018-07-16,1531699200,1.43,1.45,1.39,1.39,346900
2018-07-17,1531785600,1.4,1.42,1.33,1.4,765700
2018-07-18,1531872000,1.4,1.47,1.4,1.42,232400
2018-07-19,1531958400,1.42,1.49,1.39,1.46,178100
2018-07-20,1532044800,1.47,1.47,1.43,1.44,59900
2018-07-23,1532304000,1.44,1.47,1.43,1.45,92200
2018-07-24,1532390400,1.44,1.44,1.37,1.38,263900
2018-07-25,1532476800,1.39,1.44,1.36,1.37,151600
2018-07-26,1532563200,1.37,1.4,1.34,1.38,168000
2018-07-27,1532649600,1.36,1.38,1.3,1.31,278600
2018-07-30,1532908800,1.3,1.41,1.3,1.36,370200
2018-07-31,1532995200,1.37,1.4,1.32,1.39,194500
2018-08-01,1533081600,1.4,1.46,1.39,1.45,422300
2018-08-02,1533168000,1.43,1.5,1.41,1.48,466700
2018-08-03,1533254400,1.48,1.6,1.47,1.57,511100
2018-08-06,1533513600,1.58,1.58,1.44,1.44,608300
2018-08-07,1533600000,1.44,1.55,1.44,1.47,374500
2018-08-08,1533686400,1.46,1.54,1.4,1.46,317500
2018-08-09,1533772800,1.46,1.49,1.41,1.44,238800
2018-08-10,1533859200,1.42,1.57,1.42,1.55,618200
2018-08-13,1534118400,1.55,1.55,1.46,1.48,895800
2018-08-14,1534204800,1.49,1.51,1.41,1.48,942100
2018-08-15,1534291200,1.5,1.53,1.47,1.5,569000
2018-08-16,1534377600,1.5,1.51,1.44,1.46,478700
2018-08-17,1534464000,1.47,1.49,1.44,1.44,373900
2018-08-20,1534723200,1.43,1.47,1.36,1.42,702200
2018-08-21,1534809600,1.42,1.51,1.42,1.45,642000
2018-08-22,1534896000,1.45,1.47,1.4,1.41,250700
2018-08-23,1534982400,1.42,1.44,1.39,1.4,259300
2018-08-24,1535068800,1.4,1.42,1.38,1.39,208700
2018-08-27,1535328000,1.39,1.46,1.39,1.44,296500
2018-08-28,1535414400,1.44,1.45,1.4,1.42,132600
2018-08-29,1535500800,1.43,1.49,1.41,1.43,319900
2018-08-30,1535587200,1.43,1.47,1.41,1.44,95500
2018-08-31,1535673600,1.43,1.44,1.39,1.4,365600
2018-09-04,1536019200,1.4,1.41,1.36,1.37,278800
2018-09-05,1536105600,1.37,1.37,1.32,1.32,258800
2018-09-06,1536192000,1.32,1.34,1.29,1.32,360800
2018-09-07,1536278400,1.41,1.41,1.32,1.33,244200
2018-09-10,1536537600,1.33,1.37,1.25,1.26,421900
2018-09-11,1536624000,1.27,1.3,1.23,1.25,430300
2018-09-12,1536710400,1.26,1.27,1.2,1.21,402800
2018-09-13,1536796800,1.25,1.28,1.23,1.25,469600
2018-09-14,1536883200,1.26,1.33,1.26,1.27,351900
2018-09-17,1537142400,1.2,1.29,1.12,1.19,919500
2018-09-18,1537228800,1.19,1.29,1.17,1.25,463400
2018-09-19,1537315200,1.25,1.26,1.22,1.23,121200
2018-09-20,1537401600,1.25,1.27,1.24,1.26,188400
2018-09-21,1537488000,1.23,1.27,1.22,1.25,189800
2018-09-24,1537747200,1.24,1.25,1.2,1.21,258100
2018-09-25,1537833600,1.21,1.24,1.2,1.23,194100
2018-09-26,1537920000,1.23,1.32,1.21,1.25,773300
2018-09-27,1538006400,1.26,1.29,1.24,1.25,487100
2018-09-28,1538092800,1.23,1.28,1.22,1.24,441500
2018-10-01,1538352000,1.2,1.24,1.19,1.2,175900
2018-10-02,1538438400,1.2,1.23,1.17,1.19,506100
2018-10-03,1538524800,1.2,1.23,1.16,1.23,941700
2018-10-04,1538611200,1.22,1.38,1.21,1.34,643200
2018-10-05,1538697600,1.37,1.43,1.32,1.36,472200
2018-10-08,1538956800,1.37,1.37,1.29,1.31,220100
2018-10-09,1539043200,1.32,1.37,1.31,1.34,228700
2018-10-10,1539129600,1.35,1.35,1.24,1.24,221700
2018-10-11,1539216000,1.24,1.32,1.21,1.21,324300
2018-10-12,1539302400,1.24,1.27,1.22,1.23,134900
2018-10-15,1539561600,1.24,1.34,1.22,1.28,177600
2018-10-16,1539648000,1.32,1.4,1.31,1.39,256900
2018-10-17,1539734400,1.39,1.45,1.35,1.43,331500
2018-10-18,1539820800,1.43,1.45,1.35,1.37,286100
2018-10-19,1539907200,1.41,1.42,1.3,1.33,129200
2018-10-22,1540166400,1.37,1.39,1.33,1.38,151800
2018-10-23,1540252800,1.35,1.37,1.33,1.34,216300
2018-10-24,1540339200,1.32,1.35,1.3,1.31,92300
2018-10-25,1540425600,1.33,1.33,1.28,1.28,151900
2018-10-26,1540512000,1.28,1.29,1.23,1.24,99500
2018-10-29,1540771200,1.24,1.34,1.24,1.27,209600
2018-10-30,1540857600,1.27,1.33,1.27,1.31,160500
2018-10-31,1540944000,1.32,1.35,1.28,1.29,345600
2018-11-01,1541030400,1.35,1.4,1.33,1.38,217400
2018-11-02,1541116800,1.38,1.41,1.35,1.35,194600
2018-11-05,1541376000,1.36,1.42,1.36,1.4,254600
2018-11-06,1541462400,1.55,1.63,1.47,1.52,1474200
2018-11-07,1541548800,1.47,1.67,1.47,1.65,1378100
2018-11-08,1541635200,1.63,1.66,1.55,1.62,464000
2018-11-09,1541721600,1.6,2.0,1.57,1.7,1335000
2018-11-12,1541980800,1.76,1.76,1.57,1.6,373800
2018-11-13,1542067200,1.61,1.71,1.59,1.6,300900
2018-11-14,1542153600,1.6,1.69,1.57,1.69,362000
2018-11-15,1542240000,1.65,1.7,1.62,1.65,241500
2018-11-16,1542326400,1.63,1.66,1.6,1.64,188000
2018-11-19,1542585600,1.65,1.66,1.59,1.66,204600
2018-11-20,1542672000,1.63,1.66,1.59,1.64,234500
2018-11-21,1542758400,1.64,1.73,1.63,1.64,346600
2018-11-23,1542931200,1.63,1.65,1.58,1.6,123300
2018-11-26,1543190400,1.61,1.77,1.54,1.71,487000
2018-11-27,1543276800,1.7,1.8,1.68,1.7,562300
2018-11-28,1543363200,1.72,1.81,1.66,1.75,478300
2018-11-29,1543449600,1.75,1.83,1.72,1.75,718900
2018-11-30,1543536000,1.75,1.95,1.75,1.93,707400
2018-12-03,1543795200,1.98,2.04,1.91,1.98,612900
2018-12-04,1543881600,1.97,2.05,1.94,2.0,988300
2018-12-06,1544054400,1.98,2.04,1.91,1.98,429100
2018-12-07,1544140800,1.98,2.04,1.87,1.89,351400
2018-12-10,1544400000,1.86,2.0,1.86,1.98,463400
2018-12-11,1544486400,2.0,2.11,1.98,2.01,753300
2018-12-12,1544572800,2.01,2.08,1.99,2.04,261800
2018-12-13,1544659200,2.04,2.08,1.99,2.03,395200
2018-12-14,1544745600,2.03,2.04,1.97,2.0,301100
2018-12-17,1545004800,2.0,2.03,1.82,1.88,577300
2018-12-18,1545091200,1.83,1.9,1.73,1.76,412800
2018-12-19,1545177600,1.77,1.91,1.68,1.71,329100
2018-12-20,1545264000,1.74,1.78,1.64,1.75,411800
2018-12-21,1545350400,1.76,1.77,1.61,1.66,322100
2018-12-24,1545609600,1.63,1.7,1.61,1.67,157100
2018-12-26,1545782400,1.69,1.74,1.65,1.69,325500
2018-12-27,1545868800,1.68,1.74,1.64,1.69,349100
2018-12-28,1545955200,1.71,1.86,1.7,1.85,389500
2018-12-31,1546214400,1.87,1.88,1.79,1.83,219700
2019-01-02,1546387200,1.85,1.9,1.81,1.89,344500
2019-01-03,1546473600,1.84,2.01,1.81,1.97,474700
2019-01-04,1546560000,2.01,2.17,2.0,2.15,979000
2019-01-07,1546819200,2.17,2.32,2.15,2.29,1410400
2019-01-08,1546905600,2.31,2.37,2.18,2.22,1192100
2019-01-09,1546992000,2.19,2.25,2.18,2.19,821000
2019-01-10,1547078400,2.2,2.22,2.08,2.2,390800
2019-01-11,1547164800,2.2,2.24,2.14,2.21,303200
2019-01-14,1547424000,2.18,2.23,2.1,2.15,212200
2019-01-15,1547510400,2.16,2.22,2.08,2.15,421700
2019-01-16,1547596800,2.18,2.19,1.94,2.05,517500
2019-01-17,1547683200,2.03,2.12,2.03,2.1,365000
2019-01-18,1547769600,2.12,2.21,2.08,2.12,390000
2019-01-22,1548115200,2.12,2.16,2.07,2.12,510600
2019-01-23,1548201600,2.14,2.19,2.12,2.18,444200
2019-01-24,1548288000,2.18,2.19,2.09,2.13,283300
2019-01-25,1548374400,2.13,2.26,2.13,2.19,819800
2019-01-28,1548633600,2.18,2.21,2.09,2.15,332100
2019-01-29,1548720000,2.13,2.17,2.1,2.13,361100
2019-01-30,1548806400,2.13,2.33,2.13,2.27,778800
2019-01-31,1548892800,2.3,2.36,2.16,2.2,1127900
2019-02-01,1548979200,2.22,2.31,2.15,2.21,963800
2019-02-04,1549238400,2.21,2.34,2.17,2.18,846500
2019-02-05,1549324800,2.2,2.28,2.1,2.19,1001400
2019-02-06,1549411200,2.35,2.48,2.27,2.44,3068000
2019-02-07,1549497600,2.45,2.61,2.4,2.51,2113800
2019-02-08,1549584000,2.5,2.59,2.48,2.54,935000
2019-02-11,1549843200,2.59,2.78,2.59,2.7,2115300
2019-02-12,1549929600,2.75,2.95,2.7,2.92,2885100
2019-02-13,1550016000,2.99,3.01,2.81,2.89,2250100
2019-02-14,1550102400,2.88,3.08,2.87,2.99,2023200
2019-02-15,1550188800,3.0,3.23,3.0,3.05,3186400
2019-02-19,1550534400,3.08,3.14,2.78,2.88,2544100
2019-02-20,1550620800,2.91,2.92,2.79,2.85,1133500
2019-02-21,1550707200,2.81,2.98,2.65,2.98,1627000
2019-02-22,1550793600,2.99,3.25,2.95,3.2,2055000
2019-02-25,1551052800,3.21,3.35,3.12,3.12,1518200
2019-02-26,1551139200,3.12,3.3,3.01,3.2,1991800
2019-02-27,1551225600,3.18,3.28,3.11,3.2,922800
2019-02-28,1551312000,3.17,3.23,3.13,3.18,692300
2019-03-01,1551398400,3.19,3.32,3.16,3.27,1313500
2019-03-04,1551657600,3.35,3.44,3.14,3.26,1819900
2019-03-05,1551744000,3.28,3.31,3.19,3.28,666100
2019-03-06,1551830400,3.28,3.33,3.15,3.21,878500
2019-03-07,1551916800,3.21,3.26,3.13,3.15,552400
2019-03-08,1552003200,3.13,3.18,3.04,3.1,800300
2019-03-11,1552262400,3.12,3.15,3.05,3.05,690400
2019-03-12,1552348800,3.06,3.19,3.04,3.15,642500
2019-03-13,1552435200,3.15,3.25,3.11,3.11,1067800
2019-03-14,1552521600,3.13,3.22,3.08,3.15,1107000
2019-03-15,1552608000,3.16,3.19,3.02,3.06,1160100
2019-03-18,1552867200,3.15,3.46,3.1,3.39,2242000
2019-03-19,1552953600,3.5,3.97,3.48,3.55,4513800
2019-03-20,1553040000,3.63,3.67,3.5,3.62,1716600
2019-03-21,1553126400,3.62,3.82,3.62,3.77,1378500
2019-03-22,1553212800,3.77,3.78,3.45,3.6,1195800
2019-03-25,1553472000,3.59,3.59,3.07,3.09,3180600
2019-03-26,1553558400,3.17,3.42,3.17,3.22,1841200
2019-03-27,1553644800,3.25,3.36,3.16,3.29,911900
2019-03-28,1553731200,3.33,3.38,3.26,3.35,749200
2019-03-29,1553817600,3.38,3.52,3.33,3.5,2492300
2019-04-01,1554076800,3.56,3.69,3.55,3.56,1430600
2019-04-02,1554163200,3.57,3.75,3.57,3.72,1402900
2019-04-03,1554249600,3.76,3.85,3.61,3.65,1371100
2019-04-04,1554336000,3.67,3.78,3.48,3.63,1382800
2019-04-05,1554422400,3.6,3.73,3.55,3.57,851000
2019-04-08,1554681600,3.64,3.9,3.55,3.85,2232400
2019-04-09,1554768000,3.81,3.88,3.73,3.74,926800
2019-04-10,1554854400,3.63,3.72,3.55,3.66,853700
2019-04-11,1554940800,3.64,3.7,3.51,3.56,879700
2019-04-12,1555027200,3.54,3.6,3.4,3.49,902100
2019-04-15,1555286400,3.46,3.56,3.3,3.5,971900
2019-04-16,1555372800,3.44,3.67,3.43,3.57,1180600
2019-04-17,1555459200,3.62,3.63,3.45,3.5,662100
2019-04-18,1555545600,3.5,3.55,3.4,3.43,577600
2019-04-22,1555891200,3.43,3.58,3.43,3.57,471400
2019-04-23,1555977600,3.57,3.66,3.51,3.56,628300
2019-04-24,1556064000,3.56,3.64,3.52,3.59,459700
2019-04-25,1556150400,3.59,3.62,3.52,3.57,348300
2019-04-26,1556236800,3.55,3.64,3.53,3.6,618100
2019-04-29,1556496000,3.64,3.75,3.6,3.65,1116800
2019-04-30,1556582400,3.65,3.8,3.59,3.78,1089500
2019-05-01,1556668800,3.8,4.04,3.76,3.97,2267400
2019-05-02,1556755200,4.01,4.12,3.8,3.89,1215000
2019-05-03,1556841600,3.93,4.18,3.9,4.07,1252900
2019-05-06,1557100800,3.96,4.13,3.85,4.06,1033600
2019-05-07,1557187200,4.05,4.06,3.86,3.95,780400
2019-05-08,1557273600,3.93,3.99,3.84,3.89,720000
2019-05-09,1557360000,3.84,3.89,3.65,3.8,888600
2019-05-10,1557446400,3.75,3.89,3.65,3.82,878100
2019-05-13,1557705600,3.73,3.79,3.65,3.75,636600
2019-05-14,1557792000,3.77,3.94,3.74,3.87,1247000
2019-05-15,1557878400,3.87,4.06,3.87,4.06,948800
2019-05-16,1557964800,4.06,4.12,4.06,4.09,698100
2019-05-17,1558051200,4.09,4.1,3.93,3.96,577700
2019-05-20,1558310400,3.93,3.94,3.82,3.9,476400
2019-05-21,1558396800,3.93,4.01,3.85,3.88,1007200
2019-05-22,1558483200,3.85,3.94,3.84,3.9,593600
2019-05-23,1558569600,3.86,3.96,3.81,3.94,616100
2019-05-24,1558656000,3.98,4.02,3.82,3.86,693500
2019-05-28,1559001600,3.84,3.94,3.82,3.84,584800
2019-05-29,1559088000,3.82,3.84,3.62,3.67,1230500
2019-05-30,1559174400,3.66,3.83,3.64,3.79,1075000
2019-05-31,1559260800,3.73,3.87,3.64,3.77,699000
2019-06-03,1559520000,3.81,3.85,3.63,3.68,1144300
2019-06-04,1559606400,4.02,4.4,3.95,4.29,6415700
2019-06-05,1559692800,4.4,4.67,4.29,4.64,3853900
2019-06-06,1559779200,4.6,4.7,4.39,4.64,1909900
2019-06-07,1559865600,4.74,4.93,4.67,4.75,2172500
2019-06-10,1560124800,4.79,4.96,4.39,4.41,2160900
2019-06-11,1560211200,4.64,4.66,4.36,4.4,1202300
2019-06-12,1560297600,4.39,4.67,4.38,4.64,917200
2019-06-13,1560384000,4.65,4.72,4.49,4.69,1152500
2019-06-14,1560470400,4.68,4.81,4.55,4.72,1194800
2019-06-17,1560729600,4.73,4.81,4.48,4.5,1237300
2019-06-18,1560816000,4.58,4.68,4.46,4.51,1031400
2019-06-19,1560902400,4.57,4.85,4.52,4.73,1751600
2019-06-20,1560988800,4.82,4.84,4.6,4.66,1215500
2019-06-21,1561075200,4.64,4.74,4.47,4.73,1079800
2019-06-24,1561334400,4.73,4.79,4.55,4.65,1008600
2019-06-25,1561420800,4.63,4.72,4.5,4.56,1327900
2019-06-26,1561507200,4.59,4.7,4.55,4.68,953500
2019-06-27,1561593600,4.76,5.1,4.76,5.06,3054300
2019-06-28,1561680000,5.1,5.16,4.87,5.0,11298600
2019-07-01,1561939200,5.05,5.28,5.05,5.15,2429300
2019-07-02,1562025600,5.15,5.34,4.86,5.11,2190300
2019-07-03,1562112000,5.14,5.41,5.06,5.35,1427900
2019-07-05,1562284800,5.36,5.38,5.1,5.26,1793600
2019-07-08,1562544000,5.22,5.24,5.01,5.21,1286400
2019-07-09,1562630400,5.2,5.27,5.15,5.24,987900
2019-07-10,1562716800,5.29,5.31,5.12,5.19,896200
2019-07-11,1562803200,5.2,5.39,5.17,5.32,1118000
2019-07-12,1562889600,5.32,5.37,5.11,5.21,1213000
2019-07-15,1563148800,5.23,5.31,5.17,5.27,621300
2019-07-16,1563235200,5.31,5.54,5.2,5.27,2235300
2019-07-17,1563321600,5.3,5.44,5.16,5.25,1522500
2019-07-18,1563408000,5.22,5.26,5.15,5.21,884000
2019-07-19,1563494400,5.21,5.24,5.04,5.05,1229100
2019-07-22,1563753600,5.08,5.11,4.58,4.94,2680500
2019-07-23,1563840000,4.99,5.09,4.81,5.08,1003000
2019-07-24,1563926400,5.1,5.48,5.1,5.46,1813000
2019-07-25,1564012800,5.44,5.48,5.16,5.24,1040200
2019-07-26,1564099200,5.29,5.35,5.2,5.22,700200
2019-07-29,1564358400,5.23,5.42,5.06,5.4,1529500
2019-07-30,1564444800,5.39,5.76,5.3,5.58,1937600
2019-07-31,1564531200,5.7,5.71,5.28,5.43,1539900
2019-08-01,1564617600,5.45,5.77,5.45,5.58,1896300
2019-08-02,1564704000,5.57,5.72,5.44,5.58,1631300
2019-08-05,1564963200,5.6,5.7,5.43,5.66,3104900
2019-08-06,1565049600,6.0,6.02,5.03,5.53,4064000
2019-08-07,1565136000,5.49,5.61,5.27,5.58,1178000
2019-08-08,1565222400,5.62,5.98,5.52,5.77,2317600
2019-08-09,1565308800,5.83,6.39,5.83,6.33,4505300
2019-08-12,1565568000,6.23,6.69,6.17,6.57,3923600
2019-08-13,1565654400,6.77,6.98,6.68,6.89,3448700
2019-08-14,1565740800,6.75,6.93,6.23,6.36,3725100
2019-08-15,1565827200,6.42,6.64,5.82,5.95,4164400
2019-08-16,1565913600,6.1,6.63,6.08,6.52,3677300
2019-08-19,1566172800,6.9,6.96,6.42,6.59,2158900
2019-08-20,1566259200,6.59,6.9,6.47,6.84,2130000
2019-08-21,1566345600,6.96,7.62,6.77,7.47,5604300
2019-08-22,1566432000,7.66,7.81,7.14,7.48,4318800
2019-08-23,1566518400,7.45,7.73,7.15,7.22,3303200
2019-08-26,1566777600,7.47,7.52,7.21,7.31,1743400
2019-08-27,1566864000,7.3,7.42,6.85,7.22,2700000
2019-08-28,1566950400,7.14,7.38,6.95,7.32,1519200
2019-08-29,1567036800,7.4,7.84,7.35,7.53,3363000
2019-08-30,1567123200,7.61,7.82,7.41,7.61,2145600
2019-09-03,1567468800,7.56,7.63,7.26,7.4,1973100
2019-09-04,1567555200,7.5,7.69,7.25,7.36,2097500
2019-09-05,1567641600,7.43,7.52,7.28,7.47,1890800
2019-09-06,1567728000,7.5,7.5,7.26,7.27,1099000
2019-09-09,1567987200,7.28,7.28,6.13,6.81,5164200
2019-09-10,1568073600,6.73,6.75,6.3,6.39,3635600
2019-09-11,1568160000,6.38,6.83,6.35,6.7,2327900
2019-09-12,1568246400,6.81,6.92,6.71,6.76,1703600
2019-09-13,1568332800,6.7,6.84,6.61,6.66,1059900
2019-09-16,1568592000,6.56,6.93,6.45,6.8,1384800
2019-09-17,1568678400,6.83,7.08,6.83,6.94,1480100
2019-09-18,1568764800,6.92,6.98,6.5,6.7,1810900
2019-09-19,1568851200,6.71,6.91,6.71,6.77,1243900
2019-09-20,1568937600,6.76,6.96,6.72,6.95,2094700
2019-09-23,1569196800,6.99,7.26,6.96,7.11,2101100
2019-09-24,1569283200,7.18,7.33,6.61,6.65,2471500
2019-09-25,1569369600,6.59,6.84,6.42,6.79,1673800
2019-09-26,1569456000,6.8,6.93,6.54,6.69,1074300
2019-09-27,1569542400,6.69,6.79,5.78,6.26,3202400
2019-09-30,1569801600,6.12,6.51,6.12,6.45,2107400
2019-10-01,1569888000,6.46,6.66,6.28,6.36,1552300
2019-10-02,1569974400,6.28,6.28,5.95,6.05,2066400
2019-10-03,1570060800,6.05,6.32,5.99,6.31,1198300
2019-10-04,1570147200,6.36,6.48,6.2,6.47,967500
2019-10-07,1570406400,6.42,6.54,6.28,6.4,1323700
2019-10-08,1570492800,6.29,6.36,6.03,6.2,1336500
2019-10-09,1570579200,6.24,6.4,6.23,6.3,778400
2019-10-10,1570665600,6.27,6.43,6.11,6.23,1666600
2019-10-11,1570752000,6.36,6.55,6.25,6.42,1124400
2019-10-14,1571011200,6.45,6.55,6.32,6.41,511000
2019-10-15,1571097600,6.45,6.66,6.45,6.6,1084100
2019-10-16,1571184000,6.54,6.54,6.25,6.43,1127500
2019-10-17,1571270400,6.42,6.66,6.4,6.59,1110800
2019-10-18,1571356800,6.54,6.63,6.3,6.56,1191000
2019-10-21,1571616000,6.55,6.88,6.53,6.76,1440000
2019-10-22,1571702400,6.82,7.28,6.75,6.79,2247100
2019-10-23,1571788800,6.89,7.23,6.81,6.98,1607700
2019-10-24,1571875200,7.1,7.37,6.91,7.2,2282800
2019-10-25,1571961600,7.12,7.37,7.04,7.23,1324400
2019-10-28,1572220800,7.25,7.57,7.24,7.52,1737200
2019-10-29,1572307200,7.6,7.78,7.45,7.52,2091300
2019-10-30,1572393600,7.58,7.6,6.84,7.2,2938400
2019-10-31,1572480000,7.17,7.28,6.82,6.99,2129400
2019-11-01,1572566400,7.0,7.26,6.95,7.04,1406700
2019-11-04,1572825600,7.12,7.29,7.02,7.11,1860300
2019-11-05,1572912000,7.07,7.09,6.31,6.83,4372100
2019-11-06,1572998400,6.88,6.98,6.77,6.88,1185500
2019-11-07,1573084800,6.88,6.93,6.63,6.86,1622300
2019-11-08,1573171200,6.85,7.15,6.85,7.07,1932700
2019-11-11,1573430400,7.2,7.37,6.93,7.33,2818200
2019-11-12,1573516800,7.45,8.33,7.37,8.29,7003200
2019-11-13,1573603200,8.32,8.51,8.02,8.21,3196000
2019-11-14,1573689600,8.11,8.35,7.92,8.07,2425400
2019-11-15,1573776000,8.2,8.22,7.71,7.96,2439800
2019-11-18,1574035200,7.97,8.37,7.77,8.21,2635500
2019-11-19,1574121600,8.32,8.54,8.09,8.39,2563200
2019-11-20,1574208000,8.31,8.73,8.3,8.4,2394200
2019-11-21,1574294400,8.47,8.6,8.34,8.43,1347700
2019-11-22,1574380800,8.47,8.52,8.13,8.37,1579500
2019-11-25,1574640000,8.44,8.53,8.03,8.08,2430800
2019-11-26,1574726400,8.09,8.34,7.97,8.24,2613200
2019-11-27,1574812800,8.29,8.77,8.25,8.63,2520800
2019-11-29,1574985600,8.6,9.13,8.6,8.88,2465400
2019-12-02,1575244800,9.0,9.02,8.37,8.54,3527900
2019-12-03,1575331200,8.2,8.56,8.08,8.26,4912400
2019-12-04,1575417600,8.3,8.39,8.05,8.26,1883200
2019-12-05,1575504000,8.33,8.47,8.24,8.3,1264600
2019-12-06,1575590400,8.31,8.49,8.28,8.35,1387900
2019-12-09,1575849600,8.33,8.64,8.29,8.37,1804500
2019-12-10,1575936000,8.38,8.47,8.16,8.27,1484200
2019-12-11,1576022400,8.28,8.31,8.09,8.12,1318600
2019-12-12,1576108800,8.06,8.14,7.38,7.62,4966300
2019-12-13,1576195200,7.62,7.69,7.28,7.34,2298200
2019-12-16,1576454400,7.4,7.7,7.4,7.6,2036700
2019-12-17,1576540800,7.69,7.95,7.6,7.88,2542500
2019-12-18,1576627200,7.93,8.07,7.75,7.8,2361200
2019-12-19,1576713600,7.81,7.89,7.52,7.6,2570800
2019-12-20,1576800000,7.64,7.67,7.46,7.56,2792500
2019-12-23,1577059200,7.57,7.84,7.52,7.75,1657700
2019-12-24,1577145600,7.78,7.9,7.77,7.88,712400
2019-12-26,1577318400,7.89,8.23,7.89,8.08,1603400
2019-12-27,1577404800,8.14,8.24,7.34,7.4,4056000
2019-12-30,1577664000,7.42,7.5,6.94,7.01,3989300
2019-12-31,1577750400,6.95,7.25,6.91,7.13,2440900
2020-01-02,1577923200,7.21,7.35,7.12,7.31,1720700
2020-01-03,1578009600,7.2,7.46,7.12,7.35,1369100
2020-01-06,1578268800,7.3,7.46,7.24,7.38,1457200
2020-01-07,1578355200,7.38,7.54,7.28,7.48,1407500
2020-01-08,1578441600,7.47,7.61,7.35,7.4,1689700
2020-01-09,1578528000,7.5,7.52,7.18,7.31,2031400
2020-01-10,1578614400,7.35,7.36,7.19,7.23,1100200
2020-01-13,1578873600,7.25,7.56,7.25,7.48,1553100
2020-01-14,1578960000,7.52,7.56,7.4,7.51,1368200
2020-01-15,1579046400,7.51,7.6,7.2,7.39,2678400
2020-01-16,1579132800,7.39,7.7,7.37,7.64,1473900
2020-01-17,1579219200,7.7,7.94,7.47,7.57,1656300
2020-01-21,1579564800,7.55,7.63,7.38,7.58,1606800
2020-01-22,1579651200,7.61,7.72,7.0,7.02,2652500
2020-01-23,1579737600,7.02,7.32,7.0,7.23,1566600
2020-01-24,1579824000,7.28,7.44,7.02,7.16,1314500
2020-01-27,1580083200,6.98,7.06,6.8,7.01,1535300
2020-01-28,1580169600,7.05,7.15,6.87,6.89,1902700
2020-01-29,1580256000,6.97,7.05,6.71,6.75,1953200
2020-01-30,1580342400,6.75,6.85,6.23,6.45,3661300
2020-01-31,1580428800,6.47,6.55,6.21,6.24,1564600
2020-02-03,1580688000,6.24,6.54,6.23,6.5,1528200
2020-02-04,1580774400,6.58,6.73,6.56,6.61,1896900
2020-02-05,1580860800,6.71,6.73,6.02,6.11,3676800
2020-02-06,1580947200,6.11,6.29,5.94,6.08,2984400
2020-02-07,1581033600,6.06,6.17,5.95,6.0,2007400
2020-02-10,1581292800,6.09,6.56,6.08,6.46,3512400
2020-02-11,1581379200,6.15,6.25,5.8,5.9,5345300
2020-02-12,1581465600,6.01,6.83,5.95,6.79,3884200
2020-02-13,1581552000,6.68,7.37,6.53,7.02,4862800
2020-02-14,1581638400,7.15,7.3,6.61,6.77,2992500
2020-02-18,1581984000,6.73,6.9,6.6,6.65,1422900
2020-02-19,1582070400,6.68,6.96,6.51,6.86,1941000
2020-02-20,1582156800,6.85,7.06,6.72,6.91,1531600
2020-02-21,1582243200,6.86,6.98,6.63,6.8,1351400
2020-02-24,1582502400,6.47,6.57,6.35,6.44,2358800
2020-02-25,1582588800,6.5,6.51,5.9,5.95,3016900
2020-02-26,1582675200,6.03,6.56,5.96,6.15,2649100
2020-02-27,1582761600,5.9,6.08,5.56,5.77,2799700
2020-02-28,1582848000,5.5,6.14,5.42,6.13,4009500
2020-03-02,1583107200,6.05,6.3,5.93,6.26,3322800
2020-03-03,1583193600,6.28,6.31,5.7,5.84,4457000
2020-03-04,1583280000,6.08,6.95,6.07,6.92,5141100
2020-03-05,1583366400,6.7,7.28,6.64,7.14,4884100
2020-03-06,1583452800,6.9,7.1,6.59,6.7,3322500
2020-03-09,1583712000,6.0,6.74,5.97,6.14,3154600
2020-03-10,1583798400,6.47,6.59,6.11,6.34,1720100
2020-03-11,1583884800,6.08,6.32,5.82,5.88,2384500
2020-03-12,1583971200,5.32,5.39,4.53,4.56,3643400
2020-03-13,1584057600,5.01,5.01,4.24,4.77,3443800
2020-03-16,1584316800,3.98,4.24,3.69,3.8,2673600
2020-03-17,1584403200,3.9,4.42,3.65,4.27,2999500
2020-03-18,1584489600,3.95,4.24,3.48,3.73,3027700
2020-03-19,1584576000,3.7,4.56,3.58,4.26,2391900
2020-03-20,1584662400,4.4,4.45,3.89,3.91,2969600
2020-03-23,1584921600,3.99,4.01,3.64,3.93,2160200
2020-03-24,1585008000,4.27,4.37,4.04,4.27,2091600
2020-03-25,1585094400,4.27,4.54,4.04,4.36,2572700
2020-03-26,1585180800,4.42,4.6,4.2,4.36,3173300
2020-03-27,1585267200,4.25,4.37,4.01,4.23,1982600
2020-03-30,1585526400,4.32,4.33,4.1,4.18,1413000
2020-03-31,1585612800,4.2,4.32,4.11,4.31,3487000
2020-04-01,1585699200,4.15,4.24,3.9,4.07,1893600
2020-04-02,1585785600,3.94,4.14,3.77,3.88,1497800
2020-04-03,1585872000,3.88,3.92,3.71,3.83,1274800
2020-04-06,1586131200,4.04,4.22,3.95,4.17,1442200
2020-04-07,1586217600,4.33,4.35,4.09,4.14,1811800
2020-04-08,1586304000,4.2,4.49,4.2,4.43,1326100
2020-04-09,1586390400,4.5,4.93,4.5,4.9,2094800
2020-04-13,1586736000,5.01,5.01,4.59,4.83,1216600
2020-04-14,1586822400,5.0,5.12,4.77,4.89,1844100
2020-04-15,1586908800,4.75,4.82,4.51,4.64,1238500
2020-04-16,1586995200,4.75,4.82,4.64,4.74,1486700
2020-04-17,1587081600,4.94,5.22,4.85,5.12,2336300
2020-04-20,1587340800,5.11,5.46,5.06,5.3,2673900
2020-04-21,1587427200,5.18,5.58,5.11,5.26,1954800
2020-04-22,1587513600,5.42,5.51,5.29,5.36,1227400
2020-04-23,1587600000,5.41,5.68,5.37,5.5,1183700
2020-04-24,1587686400,5.54,5.6,5.36,5.49,928400
2020-04-27,1587945600,5.59,5.61,5.42,5.49,1280700
2020-04-28,1588032000,5.54,6.05,5.5,6.02,3883700
2020-04-29,1588118400,6.24,6.54,6.07,6.37,3418700
2020-04-30,1588204800,6.15,6.16,5.75,5.86,2769500
2020-05-01,1588291200,5.64,5.79,5.25,5.38,2319800
2020-05-04,1588550400,5.2,5.51,5.07,5.43,1470900
2020-05-05,1588636800,5.63,5.82,5.45,5.51,1618100
2020-05-06,1588723200,5.56,5.62,5.33,5.38,1426000
2020-05-07,1588809600,5.48,5.59,5.27,5.57,2033600
2020-05-08,1588896000,5.68,5.7,5.4,5.46,1046900
2020-05-11,1589155200,5.4,5.95,5.37,5.85,1731300
2020-05-12,1589241600,6.01,6.06,5.6,5.64,1667800
2020-05-13,1589328000,5.65,5.81,5.28,5.51,1628300
2020-05-14,1589414400,5.39,5.67,5.22,5.64,1656600
2020-05-15,1589500800,5.59,5.69,5.45,5.47,1220600
2020-05-18,1589760000,5.63,5.89,5.55,5.71,1323800
2020-05-19,1589846400,5.73,5.85,5.63,5.69,785200
2020-05-20,1589932800,5.8,5.98,5.73,5.8,1036900
2020-05-21,1590019200,5.91,5.93,5.68,5.84,987200
2020-05-22,1590105600,5.89,5.89,5.68,5.82,913200
2020-05-26,1590451200,5.97,6.14,5.85,6.11,1785700
2020-05-27,1590537600,6.2,6.25,5.7,6.25,2170800
2020-05-28,1590624000,6.25,6.3,6.04,6.06,1443400
2020-05-29,1590710400,6.04,6.44,5.92,6.42,1884400
2020-06-01,1590969600,6.5,6.78,6.37,6.62,2492900
2020-06-02,1591056000,6.86,6.92,6.53,6.86,3790300
2020-06-03,1591142400,7.91,9.2,7.76,9.05,18757400
2020-06-04,1591228800,8.74,9.0,8.34,8.63,5093100
2020-06-05,1591315200,8.5,9.8,8.5,9.53,6232400
2020-06-08,1591574400,9.9,10.55,9.61,10.51,4077000
2020-06-09,1591660800,10.33,10.38,9.73,9.95,3048900
2020-06-10,1591747200,9.99,10.17,9.43,9.5,2967000
2020-06-11,1591833600,8.71,8.97,8.21,8.62,3699000
2020-06-12,1591920000,9.12,9.46,9.05,9.38,2169800
2020-06-15,1592179200,9.0,9.97,8.75,9.89,2060300
2020-06-16,1592265600,10.21,10.64,10.01,10.42,3118400
2020-06-17,1592352000,10.42,10.42,10.11,10.22,1659500
2020-06-18,1592438400,10.13,10.45,9.91,10.11,2775100
2020-06-19,1592524800,10.29,10.73,10.17,10.38,2746900
2020-06-22,1592784000,10.36,11.18,10.31,11.04,2758000
2020-06-23,1592870400,11.12,11.42,10.85,11.27,2484800
2020-06-24,1592956800,11.2,11.29,10.57,11.01,2710900
2020-06-25,1593043200,11.18,11.92,10.76,11.75,3174100
2020-06-26,1593129600,11.73,12.06,11.46,11.81,4171100
2020-06-29,1593388800,11.91,11.98,11.4,11.87,2031500
2020-06-30,1593475200,11.82,12.71,11.71,12.57,3141700
2020-07-01,1593561600,12.82,12.92,12.42,12.68,2588800
2020-07-02,1593648000,12.85,13.31,12.66,12.91,2021400
2020-07-06,1593993600,13.41,13.96,13.12,13.43,3119700
2020-07-07,1594080000,13.01,13.09,12.16,12.74,2625200
2020-07-08,1594166400,12.78,13.0,12.19,12.8,2528600
2020-07-09,1594252800,12.85,13.22,12.69,12.86,1499200
2020-07-10,1594339200,12.79,13.24,12.7,13.22,1330500
2020-07-13,1594598400,13.68,13.68,12.22,12.24,2855300
2020-07-14,1594684800,12.27,12.67,11.76,12.66,2297600
2020-07-15,1594771200,13.09,13.1,12.5,12.93,1280400
2020-07-16,1594857600,12.74,12.87,12.55,12.72,1099600
2020-07-17,1594944000,12.78,12.86,12.48,12.78,1284800
2020-07-20,1595203200,12.78,13.43,12.78,13.28,1626100
2020-07-21,1595289600,13.47,13.49,12.73,12.84,1511500
2020-07-22,1595376000,12.85,12.98,12.29,12.57,1490800
2020-07-23,1595462400,12.55,12.94,12.17,12.36,1426700
2020-07-24,1595548800,12.21,12.39,11.79,12.19,1195900
2020-07-27,1595808000,12.32,12.58,12.16,12.56,1285300
2020-07-28,1595894400,12.5,12.59,12.1,12.11,978000
2020-07-29,1595980800,12.28,12.58,12.15,12.52,1107400
2020-07-30,1596067200,12.39,13.42,12.26,13.36,2896700
2020-07-31,1596153600,13.75,14.27,13.22,13.88,4086000
2020-08-03,1596412800,14.15,15.24,14.12,14.88,3392100
2020-08-04,1596499200,15.2,15.74,14.8,15.54,2853200
2020-08-05,1596585600,15.95,16.3,15.28,16.29,3188100
2020-08-06,1596672000,20.07,22.52,19.32,21.27,9694200
2020-08-07,1596758400,21.91,24.42,21.66,22.59,10798900
2020-08-10,1597017600,22.68,23.87,22.45,23.05,5186800
2020-08-11,1597104000,22.14,23.53,21.07,22.98,4868100
2020-08-12,1597190400,23.07,25.11,23.06,24.15,6832900
2020-08-13,1597276800,24.75,26.29,24.23,25.09,6118300
2020-08-14,1597363200,24.93,25.55,24.05,24.75,3005400
2020-08-17,1597622400,25.31,26.07,25.07,25.9,3063200
2020-08-18,1597708800,25.9,26.85,25.63,26.6,2350400
2020-08-19,1597795200,26.75,28.3,26.5,27.74,4167900
2020-08-20,1597881600,27.48,28.59,26.62,28.14,3931800
2020-08-21,1597968000,28.3,29.56,27.67,28.04,4605100
2020-08-24,1598227200,28.39,28.51,23.01,25.7,10338400
2020-08-25,1598313600,23.75,25.56,23.47,24.51,6153000
2020-08-26,1598400000,24.85,26.05,23.32,23.67,5697600
2020-08-27,1598486400,23.33,24.01,22.3,22.7,5425500
2020-08-28,1598572800,22.89,24.55,22.46,23.98,7019400
2020-08-31,1598832000,24.42,25.45,23.55,24.19,5705000
2020-09-01,1598918400,24.33,27.92,24.14,26.91,9058300
2020-09-02,1599004800,27.05,27.19,22.71,26.37,7492700
2020-09-03,1599091200,25.13,26.15,23.12,24.12,5339000
2020-09-04,1599177600,23.59,24.7,20.6,23.5,6641100
2020-09-08,1599523200,21.84,24.48,21.7,23.48,3770100
2020-09-09,1599609600,24.08,25.4,23.5,25.07,4744000
2020-09-10,1599696000,25.35,27.2,24.64,24.97,5371700
2020-09-11,1599782400,25.2,25.55,23.42,24.2,3790000
2020-09-14,1600041600,24.91,25.55,24.25,25.31,3590500
2020-09-15,1600128000,25.79,28.91,25.4,28.67,9279700
2020-09-16,1600214400,29.5,32.37,28.9,32.23,10219900
2020-09-17,1600300800,30.21,32.93,28.24,32.35,7640200
2020-09-18,1600387200,32.6,33.99,31.05,32.79,6500400
2020-09-21,1600646400,31.83,33.78,31.45,32.71,5755900
2020-09-22,1600732800,33.0,33.38,31.39,32.17,2497500
2020-09-23,1600819200,32.22,34.72,31.71,32.67,6017300
2020-09-24,1600905600,32.19,32.48,29.79,30.29,4753000
2020-09-25,1600992000,30.65,31.4,29.83,30.38,2247200
2020-09-28,1601251200,31.66,32.17,30.56,31.05,2502100
2020-09-29,1601337600,31.2,33.77,31.11,33.03,4565200
2020-09-30,1601424000,33.05,34.17,32.03,32.74,5065400
2020-10-01,1601510400,33.66,35.35,33.19,35.2,4250400
2020-10-02,1601596800,33.52,36.2,33.4,34.38,4405800
2020-10-05,1601856000,34.84,35.97,34.75,35.58,2688400
2020-10-06,1601942400,35.65,36.93,35.14,35.57,3298600
2020-10-07,1602028800,36.16,36.75,34.83,36.53,3393600
2020-10-08,1602115200,36.84,37.31,35.22,35.81,2151500
2020-10-09,1602201600,35.23,37.26,35.2,36.43,2205500
2020-10-12,1602460800,37.66,38.66,37.11,38.3,2516900
2020-10-13,1602547200,38.54,40.21,37.87,39.83,2935600
2020-10-14,1602633600,41.2,42.36,40.05,41.2,3993400
2020-10-15,1602720000,39.57,40.0,37.76,38.1,3746100
2020-10-16,1602806400,39.39,41.1,38.25,38.39,2685500
2020-10-19,1603065600,39.05,39.84,36.29,36.43,3511900
2020-10-20,1603152000,36.75,37.81,35.54,36.1,2347400
2020-10-21,1603238400,36.89,37.95,34.12,34.21,3216900
2020-10-22,1603324800,34.55,34.97,32.49,32.86,4007600
2020-10-23,1603411200,33.0,33.95,31.57,33.85,3261000
2020-10-26,1603670400,33.54,34.07,30.91,31.71,3432400
2020-10-27,1603756800,32.11,32.59,31.19,31.49,2256700
2020-10-28,1603843200,30.2,30.92,29.34,30.03,2574100
2020-10-29,1603929600,31.21,32.06,30.12,31.88,4131100
2020-10-30,1604016000,29.94,31.72,25.26,28.66,10740700
2020-11-02,1604275200,28.81,31.07,28.25,30.62,3817600
2020-11-03,1604361600,31.25,34.78,30.88,34.27,5872000
2020-11-04,1604448000,35.25,37.37,34.23,37.3,4813900
2020-11-05,1604534400,39.06,42.24,38.77,41.86,6578300
2020-11-06,1604620800,41.0,43.57,40.31,42.3,4653900
2020-11-09,1604880000,41.94,42.63,36.5,36.54,5874600
2020-11-10,1604966400,37.36,37.6,32.74,33.97,5170700
2020-11-11,1605052800,35.72,36.42,34.17,35.66,3262700
2020-11-12,1605139200,35.82,38.2,35.5,35.81,3664800
2020-11-13,1605225600,36.96,38.33,36.07,37.27,3039900
2020-11-16,1605484800,36.5,37.5,35.8,36.64,2414900
2020-11-17,1605571200,36.64,37.18,35.32,36.77,2093300
2020-11-18,1605657600,38.16,40.42,35.44,35.76,7384500
2020-11-19,1605744000,36.6,37.86,35.85,37.54,2631600
2020-11-20,1605830400,38.44,41.11,37.8,40.19,4137500
2020-11-23,1606089600,40.95,41.95,38.8,41.47,3729400
2020-11-24,1606176000,40.42,40.7,36.54,37.85,6047600
2020-11-25,1606262400,38.3,39.46,37.54,38.96,3118800
2020-11-27,1606435200,39.22,40.91,38.61,40.42,2703600
2020-11-30,1606694400,41.45,45.68,40.75,44.98,10992200
2020-12-01,1606780800,45.26,45.92,43.02,44.57,5408600
2020-12-02,1606867200,42.5,42.5,38.1,41.05,5081200
2020-12-03,1606953600,41.39,43.32,41.12,42.21,2366700
2020-12-04,1607040000,42.4,43.59,41.33,42.95,2436700
2020-12-07,1607299200,43.06,44.47,43.0,43.33,2041400
2020-12-08,1607385600,43.09,44.28,42.76,43.99,2258100
2020-12-09,1607472000,43.88,45.1,40.01,41.42,3224000
2020-12-10,1607558400,40.24,42.84,39.4,42.68,2565400
2020-12-11,1607644800,42.76,44.18,41.83,43.55,2287500
2020-12-14,1607904000,45.07,47.94,44.52,46.93,5097500
2020-12-15,1607990400,47.33,48.64,45.41,48.02,3543200
2020-12-16,1608076800,48.47,50.2,47.63,48.74,3740000
2020-12-17,1608163200,50.77,53.8,49.85,53.47,6251600
2020-12-18,1608249600,54.4,58.78,52.66,57.44,7396800
2020-12-21,1608508800,54.96,58.5,54.15,58.49,4462800
2020-12-22,1608595200,58.5,61.24,58.22,59.71,3782800
2020-12-23,1608681600,59.7,60.35,56.65,56.86,3044900
2020-12-24,1608768000,57.97,59.22,57.01,58.58,1580200
2020-12-28,1609113600,59.58,59.72,55.11,55.64,2581600
2020-12-29,1609200000,55.21,55.51,51.15,52.87,3236600
2020-12-30,1609286400,53.85,57.74,53.6,56.86,2304800
2020-12-31,1609372800,57.84,58.1,55.69,56.56,1908900
